13960710520
13062443931
15280006680
15859021602
15750886394
15605917489
15806054097
13706947757
15606013907
15659031466
13960867693
18250333890
13055720087
15888121289
13385067070
13559934973
15060018763
13459148799
15059124781
13960797353
18850130902
13805062745
13705051862
18396191142
13950413632
13653029243
13559955365
13665028691
18650468754
18649861001
13506970545
18659200662
13055257985
15980607337
15014232268
15080037122
13405950608
15960103300
13859077746
13706982907
18559133853
13699555832
13599070820
13799394041
15280032042
17605914591
15959146225
13705990060
13559102271
13559111230
15980686051
15080477166
15659373318
13850948659
13159412097
15859014632
13675051139
13799999385
18350001114
18606075486
18059165767
18850716762
18705022252
13635242533
15659138116
18020883653
13799359393
18965085772
15060024252
18650758266
13696814190
13799933680
18650715391
15060107471
13255995042
15980275063
15980665083
13799976404
18506077351
15059476272
15606998200
15060051009
13075926005
13860630657
13675001201
15980540334
18505998685
18596838818
13635265150
15159642740
18859199619
13655051615
15160090583
13655038023
13290959609
15980645816
13003890503
15060117579
18559351123
13559171898
14700000360
15060062352
13960837706
18259888102
13960915603
18559366671
18305932703
13599064511
18859389837
18350033856
13665888458
13609503723
15750893631
13405995060
18120871988
13799961088
13675082019
15060005680
18659107014
15980688461
18606992605
18350016893
13685003940
15502179962
13509368723
13110767423
13799956994
13600886825
18659125106
13655032520
13067441747
18850114211
13055273612
13850106214
18606069515
15980649130
13599039791
17605021185
18650796317
18559951729
13328212219
18959397533
15059140802
15159394062
17605029113
13705081034
13328225275
18959127732
18350023398
13559187160
18659127885
18650060076
15306079022
15060119576
13774593162
15080454682
13805068873
13600877752
13774584143
15060061395
15960003218
15259088730
13358222286
18559957450
18850712216
13696839906
13625049913
13509338560
13635287725
18650376880
13110873798
18805953512
15005046424
13358286925
15005901884
18506020520
17859184810
15080477081
15880066265
13799937892
17850811898
13625034113
15280119647
15080034442
15980291598
18259170219
15005910310
18350009027
13675050327
15859103595
18649812652
13860636832
17689977516
15859115110
13600808383
13067384948
15659736737
13459401778
13645081800
17689439125
18506045556
18960896865
13799305043
18559136825
13609521690
15280109958
18695706403
15060060682
13850142374
15980163826
13515003121
18659195808
18150039870
15059171917
15060676862
13015727888
13328273119
15985758623
18650786295
13960744559
15705999020
15060001451
13015773886
15859044460
18621750557
13276999403
18905910335
17758935253
15005088008
15960825857
15960020919
15060000488
13015693338
18600144100
18659999335
15005058668
15060001619
13860465537
13075829599
18250464998
15960066823
13850142643
15060069376
17689981816
17759083523
15060444151
15060685051
18605991470
13489118918
13599429435
15806090908
13559933269
15280533078
15005009597
18106060006
13609534312
15060010104
13799380549
15779023666
13655008867
15080001620
15005007216
15280038161
15259906900
13705068466
13799366340
18150819399
13509336028
13506972929
13290931518
18059160769
13290804828
18559100703
13600817390
18750101140
15880073044
13799958110
13850194937
13950660440
13788884657
13665061592
13600872003
15280007657
13559194727
15280106121
15606010906
17326507023
13515003708
13559923326
15980609816
13696850383
15980636596
13799301896
13960783447
13665038895
18860112238
15880059064
13599386038
18250173973
15259357955
18850379417
13609589341
18965086331
15059169870
15959154343
15205029759
13163882263
15960017096
13950997872
18060798082
13960766307
15985724847
18059028123
15159616000
13918594979
13489928568
18005905191
15659899703
18505073381
13799351767
13950491118
15959148397
15659736008
15960009858
15980727810
18650388303
13665097770
13774603231
18850719007
15959140014
18559183938
15059172762
15060028745
18083532832
13925346281
13003878605
15305914216
15005009383
13850197891
18350175091
13950417407
15280030546
13850151601
15880034443
13400502831
13599097718
18860100027
18859103037
13685008576
15080473009
13696862501
13123193415
13055401345
18659152912
18350078865
13799435137
18350003729
18659109041
15880059669
15060687818
18650705933
13950222828
13400553346
13075938800
13645050300
18750151492
15806087298
15880198407
15059430150
15606932691
13960850215
13859028135
13599391703
15005000719
15980676182
18305972682
13859132134
17689257820
15880137753
18050181528
13810566969
18106065087
15806042520
15659195983
15880413738
15060033519
18050267313
18459123640
13774612216
18705908746
15705911059
17759034665
18506028985
13805083920
13600816644
13675077081
13805071378
15080003557
15060048889
13609513498
13489165595
15985728005
18659427967
13635265107
13489190310
18695795781
15159913973
18084769303
18559118387
15080002091
15060012808
13405950199
13635263650
13600826715
15980135639
13588896533
18649724317
15659997792
13665060664
13067292677
15060658739
18650559031
18659305575
15880066205
15980218575
13625037546
15060686762
13705079142
15005099626
18860103803
13675070710
17061711777
13588840799
15806008270
18960995209
15375993511
15659777317
15005970278
13599040474
13685034427
13860663450
15806006503
15159633506
13400557758
13950407586
18105918682
18559113696
13585646092
13817330583
15880005902
13205919585
17859350880
18506019231
17705907823
15980733414
18750911158
13052348999
15060100021
18559193932
13290986438
15980703363
13805097387
13459102781
13926707008
15060006197
13600804920
18950250515
18350183661
19905012685
13799342234
13489969691
13655041785
18850104938
13015716683
13705922038
13665039541
13205027066
15859195745
15606915680
13926151915
15860278145
13609550405
13159287662
18567915319
18905000225
15960195031
18060785485
15060138777
13960853086
15880000625
13003890530
18559122018
15959006979
18030003263
18060610809
15080081291
15960023552
18759156921
15960109959
18350039451
13860606796
18650306083
18150061917
15806006200
13599091061
15980641942
13950295592
15210287977
18141921143
13521358411
17310414154
13525618901
15270187399
18618495077
18518616665
15935584421
13511048537
18510588055
15733336695
13811153669
18519165740
17710320124
13552797237
13811055226
16619809290
18710133287
13161083738
15611616662
15811266814
17610772727
18600576599
13654166196
17710092235
17600213120
15711143701
13391926623
18632737922
13287845550
13269648999
18610873113
13261587766
15201606517
13269488810
13261119059
18911580150
13021295089
13910755241
13520069397
18518981126
13241222362
17710275271
13811407057
13121212638
15810551403
17600444917
13717767970
15727365177
17710870801
17610736998
18710146985
15036875150
13023813675
15330238881
13718576960
18701082881
13520415205
15340049242
17611126012
13810544407
17001123201
13691117782
15201436542
17636532816
15901111912
15210170105
15801659562
18210073997
13730596080
13011116129
15321789980
18801050599
15210686454
18311439954
15500007295
13671000173
18810625158
18393555856
13521664806
15904416812
13261960390
13552860932
17611335922
17701283770
18610616271
18810209012
15201435974
18610426856
17610669825
17611491446
13811524377
18833592655
13691278651
13718029319
15910768696
18610430389
15652310524
15172787887
15727372271
15010303731
15600168095
18601112134
17326994492
18815170399
15501066789
18730301130
13261270111
18311458803
15001151060
17610059622
13439500629
13134211518
15701204726
13718135646
13161115727
15711223825
18601247990
15910564776
18813003216
15910312167
13261459473
13263384119
13146663520
13241678900
13581919307
18210070356
17718400857
18310389026
13552091820
13552291630
15801329181
13699174735
18701149475
13911185902
15001203967
18611480113
13761716818
15321817920
18810779694
13522251273
18311259902
18001181193
13621261090
13811527111
15801406930
13693510155
18612277199
15321725625
18310618838
17010276298
15101614347
15116967160
15646566716
13621211022
13911647951
18001267107
18810063520
13718949877
18801099819
13674422878
15210999378
18810065009
13161486571
13439686770
13910997416
18600758841
13141332781
18201055171
15110238764
13488786888
17601073217
15901509557
13483782790
18210876393
18810533625
18210530693
15210202505
13681338891
15210520118
18911921825
15201698298
18310829894
17600277315
13269107529
18601216865
13261819047
13521726556
18510485054
15699999529
15011425592
13581739975
15911079975
18311350160
15201609185
18911152256
18500061101
18612805986
15110082077
18701564861
18201638626
15910711941
18618105582
18515313444
13693213255
13164271923
15011237633
15101679226
15811130883
15811075001
15600823318
13911902805
18810217835
15650708739
15601186477
17600023581
18811587151
13121614321
13661174213
13183173187
13311572215
17786746890
15101545129
18810565969
18519019109
17611376818
13520117508
13716885185
18801222104
13311527950
13810004799
13051866636
17310917619
18910158043
13146325504
15011188873
18612667365
15116910960
13810171348
18610032551
18744449444
15011227681
13311171072
13641064881
13521157575
18686836981
13718396634
18210288817
15911150281
18301056217
18201515298
18610536565
13810799255
18600030189
13021175513
18518684772
13552150799
13141000950
15120080377
15210402668
15001166333
13466642266
13810427152
15711265562
13121499441
18518414545
13521850456
15501116213
13522937170
18301419624
13371741085
15801396780
18518972018
15810730460
13366337464
13501085453
18501335194
13717936811
13693026850
13811922952
15009848414
13520217213
13011219330
13366411946
18311077538
18611385268
15699993132
15650779218
15611377001
15010820006
15810900725
18510667699
18811489480
18518288207
13439086111
13121094944
13681563401
17600951991
18513483324
13552145661
13371627450
17701263343
13020080592
18513115950
18510707342
18511131456
13844555996
13633261228
15801337336
18611134544
18513729585
18513579797
18210259448
18010079621
15210769317
18811171415
15321379158
13121279570
13146476111
17600490529
17744572667
18101240213
18201110591
18611399779
13311535505
13910904825
13333061671
15210005255
18813148451
18911755045
16602112990
18964501293
13524222014
18869998130
13816537891
18516282798
15303414127
18101835019
15902187931
15721376713
13012851161
13391057310
13651936213
13166225574
15681989756
15216708065
13916147464
13501679727
13020224525
13564624929
13816406163
18521316410
13917276197
13818521047
15221119493
18721870004
17721416910
15000932420
13661445821
13761574416
18217628831
13003152955
15800604465
18964123156
15724884122
13816541664
17765150011
13816883067
15316286273
17302125724
13761019158
13641853851
18702186470
13167121069
13651855877
18221588128
13975390702
13636583957
18964508233
18116318367
13761779579
18788875235
18263720766
13162041835
15216853135
15900936901
17621203273
13601991274
15618364865
13641670693
18001956337
18721787846
18581368859
13524904522
15921386896
13127589098
15021241442
17601232746
13918567388
15618801062
17621903250
15000051391
18964767861
15000870067
17802146010
15801791576
13636480203
18821222791
15005551564
18602171080
17612117923
18916218421
17301717297
17612124578
13918561145
13681769869
13884373946
18201778865
18621163229
15821908617
18901602325
15000726383
16602146680
18321012001
13817651221
17601278991
13761906935
15800931754
15821036607
15502145672
13917366058
18602101451
18621595947
15800684170
13761145804
18721798710
15000123094
18701876479
13817272226
13636340338
15862624429
18221588857
18221117890
13167009658
13621978643
18818404050
15216839266
13816691004
15001728907
15221169815
15316270657
18017438299
13818183261
18321046417
13636377897
15000363338
16621196857
15000109312
17321321254
17721351108
18217181724
15000642491
13764931518
13817585687
13501603619
15921126983
15900629606
15121111625
15921717290
15216668684
18621753247
18217213156
18221544412
18321182568
18502131238
15900551928
13916440658
13611952994
13917221644
18701743842
18317103305
18217388801
13661954560
17621208562
15801155662
13916468441
17621119609
13651845481
17821300034
15921013421
13801706580
18301905708
17717896099
13761019195
13402009998
13764664120
18661099635
13816629912
15921879733
18621018719
17317809519
17717672175
13122181802
15618065306
13918563008
13671794790
17521188042
15900875570
15937070863
18321588935
18297511151
13636630784
13681813452
13391338873
15801751628
13917342752
13761537228
15221601599
13916374694
13524445672
15216825676
18516679639
15821945545
13167283137
18321999707
15212316768
18702133725
15721345218
15317979910
15821747647
18501692810
18217555573
15900466180
15058700845
18301813989
13162747215
18616072989
17621231345
13817939492
13020179513
15021818412
15061504444
13817888365
15000662201
13816215298
15021199819
18501759933
13470014777
13524202383
15221677239
15900944223
13482533470
13524341159
15800735538
15021841903
15800585275
15995802913
15921652620
13818774935
18117055680
15026981780
18621377912
13585944383
13585720735
15000214025
15800407778
13564903073
18939923063
13817360441
13524842379
15132032097
17317513093
13764354232
13818416842
13482075777
13671618264
13022139810
15021303670
17717017809
18964578524
15801993029
18321707972
15155500022
15601669247
17721214632
15221755565
18916773810
18512145673
15021459031
13764943540
18721171732
13661976160
13651945626
18916655223
13611741185
18202160736
15800544029
18717783781
17601262483
13917675016
18817986321
13818524889
13917203413
13701862050
18221797074
13817010051
13370079259
18817416819
15821924474
13764018205
15800642092
13585768567
18621382060
15221590258
13916766994
17701634633
13564685914
13661515512
13817449251
17301749963
13916004680
13817181947
13122386990
13917268204
15216663949
13918459050
18616538678
13262535650
17621931604
18616533132
13764209961
15618332203
13262956720
15800752197
13764348768
13636693562
17717022861
18721235826
13621789179
15026812058
15921389401
18918797090
13482309097
13651896114
15021794514
15237653120
13002106402
15902153699
15901853463
17301611481
13916308351
15900962343
17612153970
18017458144
18602199435
17621095298
13818574564
15921288181
13636332035
18621361638
13524301384
17740872659
15121122734
15026580175
18910810152
17301827435
15000206170
18201794272
17521152886
15021999034
13564119998
13084193222
15921748850
13564531512
18721612354
13585807481
15821987818
13524018545
18149720537
15800324003
18001639971
13564942026
15800435229
13122404246
15000879522
15801726809
17621306630
18321312014
15618060082
18721029310
17621950030
17317980671
15002166127
13817255143
13661888541
13611886779
13918137665
15221299772
13585755851
18717741993
13917533437
15821222356
15601803968
13310134977
15821449937
13566619681
18217795889
13524414745
13611967597
17317936676
15900990646
15800403766
17301804829
15026517899
13621668731
13681712126
18015678602
15021405826
13524228491
13501859787
13564188128
15721484857
17521124405
17621289892
13516708759
15821612659
13166050613
18501636983
15221905770
15902145873
15221283410
17621873431
18321185668
13122331988
13917277577
15502125369
13045627776
13611942671
13651833284
18201932526
15801709574
13611913402
13564852017
13661661958
17601376245
15901717139
13661900612
13482519557
13585882811
15900952179
15221192535
18930755606
15901815545
13795393133
13585675696
13764888859
13795206397
17601299825
13482751784
17321063222
18217163770
18816564897
17717309795
15902158485
15901607197
15021023802
15021715658
13764011758
18817788031
13636506784
17521618117
13818231937
17621713245
17317513091
18621873487
15221539983
18680509801
13418116817
15118225052
17520099653
18613075228
17666058230
13119521211
15986396429
15017514681
13660338050
15843176130
18922269958
15820213398
13660440056
18028844981
13692497897
15815757202
13250245623
13717400684
18520593526
13025159647
13763011185
15817177167
13268255488
15900159228
13527180392
18925142616
15521072428
15622159721
13450038954
18027204407
13427674011
13288840022
13640845120
18520696835
13128246889
18824122781
13168312450
13084872666
13288615853
18826232737
18320117696
13178833988
15914522005
13316153191
13539973156
13189160230
17702012897
15915765562
13802793597
13539951321
13678979277
18818866126
13560409572
13922068153
18320143833
13318708004
13143334846
18027127937
13719472004
18620005186
18825084551
16602023807
15384409440
18824115137
18665642684
13066392293
18826253469
13650938368
15820217826
18318881959
18928835360
18665572604
13288808675
15625083540
18802065200
17770124363
13268359259
15920131615
18002266878
13640643992
13682252032
13479449713
18720730211
13926269733
18188802129
13310893120
13070242076
13422271316
13316087287
13265999051
13424103919
18318187152
15920547934
18589226368
18565105960
13632368682
17620049832
13794378156
18819233452
17602052323
13168344600
13622249114
15920470552
15915979491
13928873681
15521106916
13326459571
13265090509
17620920789
18736947007
13076863310
18218825527
18529411107
13650815082
15011762206
13570912828
13538823434
13119521418
13719170059
18138701905
13560106471
17875814936
15603072346
18312739192
18565289368
18898407887
15919347873
18565333202
13926171053
13243778166
13924084596
18672246207
18529114137
17666558681
18027105882
13265005969
18670567976
18122329070
17520074928
13676252299
15811894288
13602704649
18613165515
18127873088
18620823880
13226441044
13002011969
13662422234
15986308014
13570186278
17666161844
13310895753
18664834002
17665036141
15920183584
13392635798
13286855122
18520395145
13570223512
13724736675
18824684591
19802066885
13332887245
18680261225
13926151061
18977954387
13798952256
13316259144
18820808354
15812490088
13728038843
13432059552
13533766345
13059386567
13711379184
18922765711
13802954405
18565407359
13710961803
13926261979
13250791395
13751820624
18826244050
18312063336
18002280124
13662863742
17620107738
13113343191
13112249324
18122440177
13002071608
13711125671
18520141887
18312409053
18825081818
15570607028
18578778277
15915959660
13016051175
13423683374
15818820177
13662294713
18924158077
18090097759
18988850147
13632350526
13422384053
13543488541
15202014020
18679661912
18821228906
13539449945
15018702548
13570572182
15917494541
17620052288
13002003385
18664702351
13268143280
15876618418
13312831431
17688290053
13316150413
15889960988
13711516146
18675867681
13668925040
13533401729
13286890181
15768888851
15975516916
13725280895
15820521270
15914295345
15112134210
15992015179
13247524639
18826283044
13763369967
13725309675
13360009065
17666563402
13250679532
15521258068
15521029787
13609635257
18027179735
18102806618
18588995858
13719193791
17666660770
13535055602
13600469478
18565342349
17612097625
13539741410
13751889707
13828416200
13760684153
13450844502
17620795785
13808892875
18826469103
18520757749
15202023414
15918589776
13711169700
13265096645
15876894275
13539982988
13060932233
13265169149
13538735880
13660317337
13527892752
13826068806
13711301386
13332877203
13725371461
13360588020
13877357734
18218019537
18520174014
15975553403
18588535075
15766235440
17620149393
15902045469
13423614576
13711761126
18589287328
13416175855
15302222207
18998811616
13719105848
18826411016
18898869418
15914316939
15218834407
17688088172
13242704828
15899962772
17620997706
13711290377
13265177173
15018748736
15018771690
13822184065
13059446742
15818897394
15918686114
18218631323
15920454474
15013155604
13416618141
18607472584
13450248821
18520395143
13268281338
18818387050
13632427797
15800229955
18102676345
13826100568
18802062438
15102017420
15013245024
13660429915
17576084958
18148777092
18688490462
18824700461
13560351556
13710123995
18680570307
15914389341
13025191396
13112279065
13246889866
17576075973
15915775984
13751870857
13640214990
15920354202
16607515899
18188802209
15918590299
15622345766
18078823207
13710218533
15627230117
15364202131
15913147414
13428807762
13533418884
13268202060
18011828411
13249157778
13025195965
13560938382
13750260396
18529262052
13533887814
13022006765
18819294639
17576073164
15918805508
15818803371
17724241600
13808841994
18011855504
15113849964
15813339773
13660296357
15818142835
13250798061
13725300872
17602076581
18565017803
13922761514
13049661479
13502915078
15820230398
15913183132
18816895577
13660045400
18928870359
13924257717
18028068389
18718502517
13829729670
18620891383
15202060906
19927590749
15920318229
15002026990
18578625265
15692002915
15915950481
18102665867
18928856321
15919603616
18312221937
17666122764
17728041235
18520180338
18028844582
15099998871
18807898851
18028637495
15999950103
13538954260
18898411019
13631391314
18664834959
13431071919
13674056811
13612219000
13143702988
15920909506
17727641229
13250238519
18666273348
13902335174
13168969847
16620121865
15622188688
13632120060
13250228863
16620488852
15011955282
15016464369
13925089278
13322801772
15989044010
13302290149
18588697745
15889988209
17620734513
13650753186
13119520401
15913138883
13076860358
18820017484
18818845110
13928807505
18929545621
13710791941
17620045081
18620631600
18688896269
15862604105
18820106129
13922344839
18820796071
13288603018
13250796534
18688418520
13902260584
13710634554
18816832380
18588872865
18594070585
13544428638
18275804422
18988993700
18520121414
15113240011
13450237714
13268053727
15902054172
13352806533
13266183031
18898883601
13560202008
13143772439
18664842180
15975417531
17620116061
15920567523
13316118673
15626121735
15622590858
13527855855
13046275581
18022899901
18665402362
13535507544
13560077244
15011816464
13380094897
15920482510
13265022217
18344586619
13719328236
18337599790
18928870169
18520133537
15992409717
13189090639
18100214283
18820128197
16620356774
13533312352
13660156739
13724099486
17688488405
18929545655
18529262792
18665576588
13929511943
15766374088
13711018787
13928887532
18588648876
18998308675
18720711724
16602025815
13543535305
17817177507
18813961932
13250529905
18922385796
18578773696
15626200236
13826161969
15813388557
18613136201
13326498901
13286867261
18688390440
15014551657
15818820246
15201432337
18011778289
13318797665
13318727020
18922306297
13128203761
13826221684
18202005233
18922711978
13610271315
13660693975
17576068665
15217705977
13622265496
18202090753
13535269993
18588512443
13265509290
18011920922
13533057300
13500012901
13924063327
18928783489
13556196159
15899966863
13580405810
13631497123
13535206266
13802534216
13302220450
15013601992
13798236622
13570866899
17707907773
13127777158
13581656433
18022444353
13713910843
13714841831
15889336502
17779600800
17603077224
15013764498
18680357825
13624110773
15112383098
15914056455
13714541434
18680339589
13410416625
15814473056
13420988739
13632908864
18126437497
18575541812
18823344163
13544173060
17665233320
13049810406
13715094820
17665354249
13662850425
18129917043
17727510672
18925276493
15989443258
13724390857
13713065667
13590129470
15586495620
13410328339
13640940200
13028833762
17603076609
13534144930
13410814357
17688781331
15920042407
13243830123
13902431561
18476859489
13662592533
13480996158
13538033546
18503020820
15817266980
18670549979
15013566245
18664300500
13590279176
13145858784
13544162279
13168799099
18825298783
15601881023
13827428913
17875827613
13682350254
15507587563
18689471855
18589064137
13243847119
13148735255
15986808354
18064231811
15990213302
15338755240
17665273733
17688163483
15916515534
15768896881
13928485859
13414995616
17620302537
13266825644
18822827219
13129552920
13632852078
18666662075
17727939316
13751110538
13662667110
15899777837
18038049000
18320862663
18998900739
13823795154
13600150670
13632837067
15919960900
13798359995
13927464344
17376860459
18588222466
13686807778
13556838862
18128812796
18311366313
18682193901
18824326428
15915397087
13570881398
15112318593
13265683797
15914120965
13861485827
13266781053
17820638332
13715399940
13265592827
13028857475
13590242629
18923457314
15820822032
17676513220
18665993883
13066920783
18407540693
15999655411
13971951551
13728732997
13823711844
13603075081
18682466164
15889666419
18038169835
18688997306
13424282997
18802675392
15889667551
13189773103
13760301718
18814462625
15814094441
13420967666
18665315192
18682406258
13590309303
13534168956
13713913617
18825294492
13510741882
13686436915
13510278976
13480739905
13242041720
13543704419
13537525887
15820765564
18924620567
13760273772
13430979695
18617007595
19926513112
18938851890
17620329571
13424300755
13620216863
15768637852
13632875641
13826562151
18520803911
15811818801
15099915656
13622344528
15889553201
16620869716
13652349089
13923895206
15622728693
15986604577
18826515386
17688782514
18688781527
18664990823
19807640798
13242412229
13661968138
13480760186
13418505910
18823346191
15813703336
15914105913
18948769129
13714452351
18124656989
18926499187
13613081011
18320116554
18565679318
15083902503
18682332627
13760233534
18825231056
13632756499
15817218940
13266517046
15119451032
13824123079
15814085009
13510294600
15817438257
13415292144
15814493517
18620367530
13480192758
18938888456
13595968472
13482358043
13530716084
15338880270
13590394373
15914076277
15999627496
18664648808
13691885899
15013553780
13168781856
15013619227
13420978007
13631641201
13590308391
13924605498
13410339678
15017912276
13714846679
15889373440
13751175137
13682531405
15361449035
18666459716
15919928324
18038113624
13424333030
13760270965
15818790262
13715151658
13430972746
18589096739
13537749893
13715338554
15814438505
13632873975
13613051610
18802627272
15013793837
15118812332
15323454715
18676732175
18823709084
15889634587
15112361973
15818642523
15012632332
13428768969
15813822379
15889533882
13699829020
13798393068
13723782452
15986803691
13538185481
18948725430
15112252653
18126152715
15986733772
18682094319
13267226197
13530386383
13528739383
13243836323
18871462408
13689547697
13613040895
18126264651
15002087913
15989525718
15881890522
13923792911
13316866107
17666131221
13760162745
17620471273
15889580609
13691779256
15920074142
13076915477
13421358555
13026627132
13480632340
13302459287
15002067271
13265525816
15012788805
18124009773
18617095582
13267190157
18579707519
18126120488
18129817102
15817358861
13480619165
13143440509
18681505858
13794984891
18820800460
13302928234
13760181582
15768770369
15818566843
13008852209
13544071557
15692090968
13330661448
13417321808
13242069242
13421831149
18018732567
13510307039
13615895850
13682610511
13006680495
15889396624
18589059863
13418505505
18938630943
13590290079
15118126042
13360507001
18926068963
18927471480
13823339419
18824603767
13802823976
17727546056
18566695796
15014142858
13691759233
18938096221
18938953727
18128808230
13715367324
17724743661
13691806421
15014014220
15817348425
13066978498
15915340601
18038007135
13530059015
13068478907
13825219133
13662560617
15013879603
17722447896
18688708704
18320836207
13692255081
13544039449
15120809983
13129595220
13823680843
17512034986
15338749313
13827437660
13590383455
19924572661
18948793656
15013605621
15088565390
18617162442
17583106369
13435265987
18617083307
18594209520
18688791927
13510565367
18620372544
15019232037
13410049321
17666134331
18018711670
13530912858
18320963874
15112406324
13927450281
13168063500
13590404038
13751176252
15986818397
18025457187
13926546096
13751163942
13430486490
13826591197
13530999453
18018703970
13590276645
13896227793
13826268360
18824647970
18033050125
15220170318
13824338626
18123616341
13544165885
13018711349
15002099867
13266737075
15914112466
13266566106
18565751534
13713737209
17688965142
13602551911
15013660820
13751001182
15989448457
13510762095
13798439433
18026977587
18676369113
15622300204
15989946202
18319032224
15019282329
15279850997
18123959325
15302074218
13512079820
13820960522
13332002789
18002092688
13702097738
18622399119
18522357457
15522930681
18920190620
18522275010
13132105969
18512219791
18522037047
13512960716
15222747617
15320111025
15122886037
18602613208
18002158801
13516206521
13821611216
15620077489
17695739921
18622253937
13012297199
13920150636
13802165517
13212106562
18902068609
18622362653
18622527547
13512445344
18222228090
13920810261
13323350567
18610547708
15822488870
13820460766
18526133210
15320129296
13102097827
13671184550
18093427247
17600980161
18526712294
15922099237
13920194910
17702212835
17778138009
13920959617
18526293639
13164003908
13012299117
15022136767
13821388444
18202288293
18622172127
18526123678
18920351612
15822509199
15631695595
13652031661
13323455152
13943519414
15522808980
18602263199
18522423434
15222424445
13821509240
13920307085
13611022588
15620140908
17602660049
18622379151
13702074218
18002190290
13642093391
13920727537
15101599912
18302272011
18322122868
15822989394
18222731993
18526308953
15922019762
13920019189
18622952597
18622182065
15332125223
15922055598
13652004046
18222411816
18222244997
18526420496
18322172828
13388067797
15822643608
15510999492
13198766644
18822609336
17602221443
17720079643
13821898851
13299922408
18822187838
13332021820
18222658944
13672088058
18222760706
18622059668
15332057529
13516293905
13388003820
13820863632
18622112200
18526420718
17622830191
15522826070
15222242762
13163027073
18526650632
13132283189
15122503957
13821394090
13682115949
15900337106
13132591911
13920870447
18526333835
18698016303
13622041888
18222239610
15900366517
18920286037
15822726212
15320108667
13312133383
18322391179
15522043319
15712284836
15222099011
15222227601
18502227631
15692258558
17602642130
15022280461
13702137125
13312197270
13821477455
16622505505
13132167559
15302000667
15802230981
15760703052
13102019900
13752473695
13207575290
18322005614
17695959128
18256888073
18222676869
13920805946
13512416557
15602037165
18222287359
15022150255
13920228524
15722265335
13032253533
18622144819
17695635451
15822444724
13840489001
15122835511
15522682826
15332060102
13652070239
13312189589
15822238017
13752181471
13521961567
13612102462
13821660065
18920323538
15222209322
15332059805
13752345723
13001385528
15910277835
13299967293
18102118992
13682086082
17602692762
13821335412
18512265898
18322402257
18522153244
18222628789
13323451707
18618409044
13803086452
18722637154
13920816911
13920020295
15722236080
13502012800
17622897905
13102097864
18622507142
18602684442
18602239837
18902024225
13622112674
18822493355
18920738132
13821681940
18526812947
13163101768
18920519870
15320150527
17720062133
15202202042
13389969190
13512284564
17702285521
18722266249
18622892403
13683094117
13752763108
15522982262
13352001101
17611196321
15332075232
13602149910
13622052209
13072271421
13752080031
13802190050
13820694858
18622232605
13820141896
18649203158
13672062087
16622377833
15320187177
17602637056
18526020479
15900399714
15522876275
13011388602
15522313363
17720182159
13302167051
15022625934
13820369990
18649221952
15822705050
18222495969
13820237345
13034335830
18622077771
18802238519
18502650566
13512278097
13820734007
13682083666
17695940910
15122126200
13116068620
18502220521
15722243446
15222026640
13821223521
13163100822
13547683331
18622280608
18822385656
13352022269
18322292338
18262033594
13512834565
13752642105
18722440974
18822245151
18822788566
15922263630
15822486794
13662115113
16600290884
15922280058
15222500155
13001335666
13920915204
15102270277
18696188626
13920200885
15663021113
13752063356
13011316939
13110033223
18202210680
13672188992
18622537851
15712203539
13752063770
15122699281
15822530713
13652094480
18222740111
15122224451
15302031817
18920106952
13920505778
13672135386
15122662615
17602228923
18522363605
13683204656
18722130073
13502054948
13821219019
13821575241
13820780897
15222394504
17602604717
13752086010
19902075201
18020091338
13012259099
15022217030
13672185339
18822330882
18222479222
15620068088
13682081984
18698009582
18526073974
13512018048
18322123418
18322114232
15710212192
13102211330
18722574547
18822300041
17702236706
18920180709
13102043505
15822714440
18722220568
13702143388
18201017498
15522331896
18222825111
13752578532
18512219789
13752469324
18622045091
13163188879
18526623176
15222152135
13920995959
18722285564
15712278123
18630820669
13821381947
15922115389
15620456118
18526102971
13022290057
15510893831
18222522634
18222721527
13920529994
18946949494
13516234302
18522151998
15900234915
13652145981
15022318887
13612077757
13302091964
15722079823
18512268910
18902005188
17602207890
13302071500
15302172627
15116962626
13920278382
15122261760
15822778274
18222299857
18322771686
15122699881
18602219592
15910542740
17612268121
15822939393
15620731012
17602615927
13114886137
13072098931
18526118080
13352057122
13132177277
13502111111
16622373615
15122146664
13299905214
13512284288
15802223188
15522338192
15122079570
15822888478
15222278976
13672151166
15522555498
18522505824
13072288583
18643736888
18630923677
13850659245
18622911087
13820075986
13512439246
13622018856
13752181433
15922182239
13672159020
13132224999
17822146268
18222847123
18522763777
15122290987
13512074821
18222575159
18222769724
16602624846
13682196148
18622776151
18522470598
17720166317
13752438038
13821086305
15902209107
18602221030
13820817940
18222246668
18522129955
13011339949
13920266284
13072209003
18920638822
15922167740
18222849793
13516208802
18622102242
15922244935
13821749345
15822319005
15122285252
13102078889
18843736171
15002246888
15268799302
15168254442
18368172520
13777383747
15868104776
15268551377
13858085877
15394210875
18279595982
18858262413
13910843161
13735877357
18268039257
17767211814
13758138633
15268173658
18768455546
15557107570
18667004772
18058797877
13936703943
18143491460
15858279975
15558127752
15857772392
18368119515
13116759556
18069426610
18575615670
17816188303
15068850584
18868416941
15258298656
13738171346
15158219274
18368030517
18958046957
15801955260
18268850865
18329186524
18814811878
18758255067
13777297332
13575780865
18870055119
18557539845
13706813314
13588423838
15700052632
15268827224
13685778456
15779138283
15158806507
13588443333
15105816979
17858846717
13819170121
18221991912
13454164879
15990133200
17767091460
17708472973
15168354326
15157184853
15168262809
13396555524
18888969326
16657103881
18268145046
15757733232
17633558362
13989899541
18966160089
15958003619
18270593323
13819113019
18357033348
13647188943
13588340109
15088669698
18858181773
18143463341
18329163399
15021107150
13516804458
13634199826
15168375484
13777829017
15088792182
13516884159
13675867513
18270578917
15068854447
17354716219
15868483211
13735411351
13003621522
15314618716
13773007784
18951120009
18957116629
13906509139
18157171790
13732259389
15381161537
15957107784
13735839854
13073660219
18058176630
13071879756
18748677075
13567135155
13777493793
18368016125
15867106676
15868153132
13429604856
15851076820
13396710513
18757188674
15869179753
15605782707
18357182841
15990056599
18057176313
15990178687
13858032068
13666621697
18072909973
15024441640
13616508373
18368181770
15024444889
13505713129
15057033638
15068140096
15178181800
13157192105
13510278050
15158045697
18667933247
13282839209
13750834207
18358183323
15990197147
15268507256
15757553331
13685777769
13675887913
18268066326
15925656701
17706406415
13588863994
13867114277
13806675637
15906627145
18768442378
13033617122
13675843286
18768187407
15857105003
13588044446
13486113434
15658622263
13613654430
15988190925
13456775624
15168369221
13516706632
15669969068
15158189446
18005786620
13375818939
15888824340
13750898511
18768171752
15068166482
18605711750
18667150800
13136117518
18069785737
18858538713
18072731106
15381010813
13208005020
15088757015
15355083034
18879559605
13738164227
13758021077
13429188058
13585667220
18258182356
17354745278
17758034771
13600518821
13385716057
13588287591
18757551997
18758586507
18758588138
17681823839
15888807272
17316939351
13675873806
18368801282
18258222309
17767261482
13082851392
15606530006
18857766953
15968187470
13625594471
18768469430
18258296681
18768455331
18758867983
18969163502
13865716619
15067122785
18057175737
15168228220
18570475659
17626639725
15757156766
15988120248
13165879636
15957074059
13666650505
18368112722
15958026580
15258872475
18868710312
13967167449
13858172111
15372078113
15700167742
13003690902
15285238671
13666653017
13675892642
17706818386
15868141883
18895522017
15988499221
15867155716
15824195730
15877351410
15158896337
15088642707
13515710548
13218788002
18258424330
15325888113
13868669449
15669976867
15967125870
18296949614
18255999870
13355714113
15990170697
13758232157
13023630076
13819472840
13735563559
15068891781
15167182614
13738002945
17681818769
15381004831
15958168757
15958136001
15757185229
13989454604
15967577335
15325703113
15870976136
18538247897
15715755622
18868790117
13665184252
17858860817
13616508824
13868049281
18705898844
15384003866
13685777796
15057158730
13777830933
18367173339
18605717245
18506577589
15857128597
15158130611
18069794259
17698392551
15990195146
15700077405
15067124546
18969166631
13588437968
13819118808
18657113206
18334362786
15372096779
13777848351
15932831122
18758882871
18888731603
15824140606
13777817823
15906666183
15868126472
15967112354
18258158066
13516800755
18007452070
13588006178
15906626651
15355016836
13429183452
15158184845
15268574386
13858139319
13666629427
17794588102
13616713432
15757131736
18067971837
13750838125
15968895976
15205812151
15355469338
13735541610
15990029092
13625713690
13186998807
13216189959
18768405717
18072930090
18658862067
15900988892
18367585097
17706507995
18296582114
15824428980
15397068723
18267134548
18258160092
18367191746
15967461839
13082843908
15867165667
13816445561
13675888663
15268175687
15858213315
15988860094
18000254555
18112176756
13735457099
13777576920
13216282518
15909490067
15968862303
18370315651
15858261521
18005819455
15824168326
18072953503
18757733125
13777463107
18566211705
18042319495
15088754497
18058786343
15058125112
15168339866
15868455558
17767148163
15700180517
13758187965
15958122559
18106555287
13282026901
17621250787
18321747736
18268048840
18458133177
18668070221
15888843321
13456759955
13675895529
18367736896
17585335227
18867805500
18058702588
13018997936
13588789040
13777872687
15868103135
15336871427
13429692441
15909490082
13868164254
18758128626
13581628798
15925636460
15067131516
18855938157
15825510267
13656683203
13757192594
18258051972
17816760350
13968623612
18279554965
18667319788
15224079652
13588443083
15988195241
19941461801
15397137179
13738018099
15700079481
15824117339
18858101631
13732230680
18357167177
18158712939
15024587064
13123920156
18368136693
15909466339
18667119312
17757158697
18755176629
13861298910
13157189161
15068776676
15384058310
17681820816
15168441100
13738030588
15268171271
18072935323
18667805219
17376547697
18767800325
15068775226
13306512406
15888803216
13819137816
13625711787
17361805021
15895876381
17602509346
13611596648
13770719107
13182922078
15805165545
18205162876
13813904810
17705177661
18168040475
17366376558
13160062088
13400054976
15062290837
18020165376
17705148444
13815427252
15850634395
18068812614
13515102812
13915195120
15051888304
13605142327
13770773717
14751636357
13218889780
18994550216
17075060888
13301580198
18351932785
18963620798
18551748603
18168080484
19951780213
13951018888
15195876362
13951711187
15850610404
13776660586
17701594090
13815412393
13770723928
18251884496
13813842878
13327718917
13851719535
18651845474
15305156222
18651828505
17761727362
18351887914
13952060897
15950281786
15952015396
18912963555
13512542531
15895982983
18251818172
19941523235
18013930237
13645199286
13913955968
13913040211
15866234002
15295505985
13813823510
18115126160
13327803515
15951742867
17798526853
13912992070
15295512691
15895867080
13770822898
13376058711
17705173765
17351007153
15751769225
13913919348
13851522045
15850632471
15050556906
15850786809
13921438192
13813867247
15601586592
15261497137
13814169495
13951760927
17312279299
15951684371
13770915916
17851440372
18260400901
15950571360
18105163170
13636507071
18260058175
13739195343
15996211786
15905161600
18705145564
13401906800
17351787059
13337733415
18120131434
15855016690
18705651995
13382762325
18936898128
18851125008
13814118193
13815421224
18652035171
18652933033
13611589821
13515115411
17361909600
15850771141
15905143009
13814011070
13813902206
13405897431
13585134195
13327832882
17761744022
17798516216
18951763416
13585114421
18061297828
15851810564
13731813717
13921433422
15190319053
13915967648
15951890913
13813981471
17625917675
15050535567
18795850662
13057533093
18136482906
13913307557
18005158648
15895939200
17326138301
13813981370
13913390286
13852289663
18915913929
15651005289
13770910544
13405847991
19941506080
13701587923
15161469722
13675167072
15996478262
18351870795
17388076262
18952062903
18221935587
15951915305
18066031176
15996287804
15950531307
15895848073
18963649258
15850798974
17749544319
15295599189
15335145845
17749540301
18014800720
13515115190
15051877211
13485086037
18751800054
15250999667
18651673153
17715266719
18018034098
18761694081
13584072331
18344653877
18262608991
18061246571
18013861290
13585204270
15366133024
18625176215
15202117360
18351003733
18551842931
15850546113
18951624622
18012942616
18994139552
13218890909
13851693921
13951633424
18602514870
18651653479
13813926754
15261856424
18362958044
13813930306
18502528499
13505188861
13851532130
17749555349
13905172537
18661208915
13809022364
13002553527
18105158099
13813842905
13160099271
15952020130
13505179846
13851788126
18168426675
18305157260
13913862125
18251935690
13814108219
15722922017
18851129008
13337853200
13390919992
13605212273
18021509086
19941561835
18582633039
17612140685
18252032290
13905157311
13851723178
15952088672
18013885565
15255024047
13815865281
15850647518
13776558827
18151650417
13082555791
18262636463
13915993520
13851539466
13951604460
18551612889
13952086336
13911555147
15365096887
18351440467
13809046052
13770348018
15850771460
18795555088
15950507020
18936548101
13813969843
15950578298
18805161141
18019811889
18100619426
15295566548
13776626494
18913914597
17766099073
18851862631
15995233727
13852298094
15851872579
15161459691
13675154646
18014710831
13516416167
18867618859
13626101514
15850597622
15951872164
13770953793
13851888565
13815421533
18913902384
15155210061
18252092707
15250889307
13270719757
15951864443
13913820340
13357824413
13160085919
18652029648
18021774611
19951929899
18100622600
17183455500
18805194810
13675173790
18551804624
15051880587
13675155035
18114477356
17701581278
13327702333
15051870234
17368726222
15715150608
13813935856
18361890738
15951888916
18252011435
17626043803
18994020071
15051888134
13062558101
13814022267
18994028286
13913923133
13357712445
13915992632
18761654565
13770646950
13913895303
17372213387
18625162611
15850544178
13813964048
18994006758
13505176929
13645162919
13912986465
15050561351
18795899334
15094307736
13866927011
13915928246
15996262816
15755750657
17714310214
13855027678
13645173377
15996468695
13770585005
13813375062
17601558825
15380756868
15952022291
15996239246
15951850369
18014740219
15951882921
13770828622
13951886283
13851929869
13951671690
15805225473
18651679930
15655430000
13851512251
15178470522
13914700912
13611509985
18994086476
13305173729
15380810481
18551871632
17751796315
13814002621
13151558484
17512519337
18013006511
18502525918
18551850505
18151666299
18114717331
18168012340
18005152029
15873628218
18305156641
18052006125
13851528679
13851825272
15950490355
15161474113
18502569847
15261435451
18502505522
13291277323
15850610747
17612582785
18551444623
13813852572
15050547730
15161482860
13905195584
13951781192
15850791201
17368698920
18021395556
15250993966
15295550985
18355282991
17327997423
13675144987
15105241435
15895857825
18061775911
18752029922
13813899083
13451518860
18013880080
17301593619
18652003538
17751013177
17351795111
17351783804
18851845135
15295557767
15951819470
18752025404
13770556586
13913893880
18205194419
15205169079
13101888547
17705150660
15996459674
18705182049
13914719358
13914450114
17749590915
17855016017
17705157815
14705187177
13770711787
15950535688
13813827696
17768144820
15996496442
18251927984
15952010946
13512542669
18019849626
13913029423
18012923436
17512545395
15951944919
13338629292
17625943969
17751537794
13400064876
15951655763
18795954200
18502509544
13851485865
15251880049
13390919590
13813882537
15951804237
13584003323
13770343775
15051896952
13770342602
17625940031
17712883202
15651990567
15700113601
13913021114
18013313674
18652973337
13851737100
18512527817
13814137826
18694976626
13951680616
13382080137
15996493203
15050577531
18061609778
15939954811
13915965071
13515116027
13601432404
13621591094
18115187844
18652043283
13814051250
18761660253
13770667939
13913042124
13814046473
13776655947
13655166575
18051026200
13912924922
15857704843
13913972251
18795957080
15195917027
13770750511
18795910214
13914707373
13913000700
13851960288
18994069660
13813904552
15106399957
13770858003
18114465534
17714193709
15951855697
18851694377
15955087747
17312248844
18013867207
13813946255
18795898903
15380442229
18260060884
18061482801
17372753725
18118443071
13041885053
13814817559
15995464837
15962259674
18662581884
15850014850
18662497497
17798598313
15851655196
18115491780
13915562173
13915531472
18094259069
13773165459
13917295545
13814557242
18115500274
15850166905
18151079222
15658562636
18912601860
18936134141
13913127343
13584886036
13862387877
18550200077
18551107915
13401437556
17751479492
17712655899
15995937453
13073315066
18136113420
17691187607
13776029831
13862552552
18352245566
15862360190
15051691988
13375172366
15821271850
18857209252
18702169879
15298897997
13912708443
13405076717
18136778868
15850800419
18796879629
13913543519
15995462374
15221671193
18914018030
15151525808
15995723466
13771877895
15162433733
13915661882
13812688412
18118106826
15195635853
18912771088
13773105775
18006135869
13913142495
18012783030
13913511826
18626200718
17605127200
18896784946
15370009918
15262371404
18360553183
15962108175
15862449329
15195608930
15370030232
18020277827
13771734518
18852454008
13862420574
18118137372
13706259915
18662162638
18118159866
18012701672
13776209181
13372023526
18151113891
15151404219
15862335703
15151525885
13636395817
15051773385
15995767903
15862366216
15062378204
18626111316
13913753595
17372838926
15295668668
13073396100
15371827106
15851444143
13771725607
18550106758
15151461033
15862503670
13584496771
15601555157
15151561840
15995881272
18136053966
18761945877
17372731305
13912787969
18762868031
18651120520
15050125686
13601739506
15150135494
18962557313
15906132662
18510185008
15952425413
15370073736
15262440767
15962229038
18550408020
15002169742
13584885034
15968367619
13092613797
18662275850
13653956627
13331816105
13771827313
15806131132
15851401952
15995763901
13616274668
15995712272
13656243577
13812618451
13815257974
13451545507
15195644577
15365310302
15962144409
17315576085
18962119398
13451533093
15722608529
13011234502
18516041812
13262821718
17701465171
18550854108
18051527178
18051758456
13656208801
18699990817
18351262703
13732639777
17751713714
15158260866
13382196866
15370373020
13812622991
13584800334
18796855520
15051728503
18001547275
15851419486
13915551236
18896549682
18606255892
15062579853
13771778473
15312193199
13776056452
13862591282
13814873261
13915513941
17768053906
13814583655
13814937456
13915793049
15295652366
13665839413
18012672602
13646221364
18251124550
15501371505
18136070093
18551739480
15261358758
13451534605
13621565080
18151175366
15151537020
18556985978
13917014475
15862602228
18100698171
18625058284
13913166206
18013543236
15050142540
13812614066
17715183816
15370039993
18762997803
18362739303
18013516866
13584897797
15151555757
13732672111
18717724884
15722639108
18549910557
18206255940
15250588351
18260123299
15298807008
15821697947
13913175938
13140888023
18662589911
15250571333
15851658352
13646216889
13625518090
15850203437
18550009799
13052020101
13862043973
13372173625
15851501693
13912793157
15365382227
15250431884
18862147032
13269314111
13773168086
18962111209
13776021281
15962242657
18012787923
13962245786
15750225573
15162635230
17751650887
18662315576
18962150606
18118161064
15995953549
17315413006
18013143028
18626287850
17327060691
15151540113
15862360220
15955964689
17351427520
13970428768
13776349802
13372159360
13913542389
18625219435
18934570097
15000302705
15895599596
17351448442
13584935756
15190016008
13641874097
18168990310
18625258884
18014009662
15501500866
18550336280
13862076426
17768056949
13912603821
15224737157
17625711020
13776178100
18550401010
18591326430
15995876197
18112671106
13862047864
15951102369
13218116668
18756018838
13850352823
13812175020
18913060437
17712629449
15001766929
18021288959
15358491816
17707459317
15051903420
13776125192
15062400911
15006209195
18934577689
18721887910
13915411244
15006135992
13584822037
13675191259
18550811666
18626110345
18206238820
18068420067
18625071175
13771853316
13771745206
13951119553
15358812392
15370755919
15098244539
15365310223
13817776063
15062612262
18662112892
18550843710
15850147211
15857114822
18662601101
18761917925
15250015743
13236498565
18012789003
13862286746
15006196263
15862635986
13862050553
15190139387
15050185923
15995862790
13451662133
13913260144
15995767683
13584426290
17714082770
13914965814
18550518808
18652425016
18862305780
18550993371
13402540128
15850190480
18913164567
17312570777
15262337833
15162420549
13222200028
13773118587
13771857369
18662619118
13862561332
13451606911
15950048394
15262458209
13912638035
13375181361
13771910725
18914050081
18626106866
18115563677
13651641871
18118101323
15051616997
15601934811
18351180771
15995779201
15995678146
18662533811
13812517567
13145107474
13512113120
18550264174
13222218289
13776128872
15150106599
18136778690
18306246895
13951111454
15895573550
15312191313
19941880620
15162332331
13776091577
15250490907
18755451338
15262458159
18662176401
15262418717
13291176117
13914061090
13812757552
15295623044
18651451152
18036827167
15055973412
18360807865
18962330013
18638412717
18605122367
18251128976
15962242539
18112714609
15950162857
13717977855
13776015459
13771796635
15195674441
15162422062
13771753360
15051618909
13862341905
15962229516
19951124688
13917563770
15995937229
15021284758
15151521103
18362671136
17733346765
17601471168
15056693063
13771687665
15021881447
13584809644
17798575678
18013553030
13814827279
18896523808
15151482992
13962154655
13405024508
18662189702
18751171925
15151006187
18962673307
15335288768
15950152129
13701546798
18261672774
15862693301
15862548687
18549800243
15062540295
15906462853
15949128222
13402597912
13773214035
13584827784
15366281735
13584891905
15850166628
15221102344
18762942434
13771825293
15195634439
18217191853
18912639014
13912372059
18912629014
15995898835
15162362031
15995702927
13915537897
18662244550
17701579610
18018132283
13913590589
18901541776
15962193191
13915419242
13501706979
15888337962
13962669096
13739165561
18013529991
15651110062
18761378071
18012782525
13913654118
18994345064
15216710840
13962490302
15151760111
13451632760
13306210180
18115683677
18051525575
15335287868
13222427872
13915552016
15962155101
15150215509
15312160716
18021279068
15295666154
13913577157
15237969580
15050155677
18094250009
13952409269
15151510142
18061939219
17605123455
15950033039
18717877137
18362661220
13236311888
18136963991
15950964504
15821262796
15312157665
13814838837
18260197982
15190158540
18351735600
18762947466
15895568537
18118177915
18662610776
15162464733
18036813815
15895418058
17714448336
15050484175
18551103532
15962126662
15051446614
15312168896
13451527215
18136199671
15706201157
17712670119
18506250313
18328409990
18980658554
13668199949
13982058380
18123224228
17345048836
13777102196
15982383631
15281055716
15982327738
15520552200
18080917470
13980009880
15928724868
13668131763
18200230649
13684002749
15756332772
18380260510
15708435162
17313146171
15902821639
13880595309
13678077599
18081929824
18030783335
13551353818
18117825867
18581558818
18780057619
13540814919
18081074705
18981703373
17313082161
13880640704
18328050305
15882420687
13550353271
18883332298
17345756310
19983261470
17311222414
13258358832
17608090920
15281022424
13408624195
13880340379
13916986745
18215569920
13678000889
15982310651
13980044211
15828447413
15198238643
15982219874
18384210072
18108073235
18215591235
13880786247
18123343994
19940607269
15002832414
18123227218
18381071130
18780140799
15184470760
18382060937
15390062766
18780032882
18081154613
13679081302
13982106690
18080888223
15114087115
18282455543
13666203566
18116632009
15208380893
18708106295
13778720202
15308080615
13880603319
18228243090
19983519314
13618006918
15228674220
18011432007
13540821253
18581883839
18000513003
13881865392
15282772365
15908106719
15884564336
18380324647
15982006853
13718704248
15828625492
13540380069
18280204220
13548012646
18108209135
17713548212
18380191115
18482233780
17308048870
15281068415
15228819300
15114099961
18828279720
18030403757
13558849042
15184419402
18108093210
18200511017
18180910229
18602821586
18580130006
17828082076
15528036198
13547934021
13320999963
18780221417
13881801083
17380565932
18280082181
18628272780
18202820347
15228969981
18190680387
18048898750
15828619940
17313191300
13488978817
13980097301
18301528200
13548177114
13881101482
13693441815
18828058351
15027281220
13618099944
13568803646
15882094478
15902080747
13882001509
15888383233
17358568622
13488936311
18615758886
13551363013
19828622648
18200258120
18882858007
13880109825
18034704587
18123263509
18328597771
18086806270
18140212681
18081950281
13880079594
15928575836
13011139244
17608018213
18908239950
17380418076
13880186591
15184343779
13608074151
18328431787
15680010905
18428166601
19983253116
13989812014
18140211871
18140364598
18108282859
15308193612
18908013645
18190749507
13880445672
18702855163
13072881323
17381991901
18180867455
18180810383
13730838775
13398481772
15982869405
18482152743
13568821101
13981865840
15800806592
13666253537
15908113922
15388108705
13558813356
15982270125
19828310600
18010615542
13668155004
13689079035
18981778361
18980732444
18583666322
18980656900
18282644441
17313193010
18280090197
17612870998
13880065807
17381936501
18782298665
18284557460
17348047512
15928521462
13548183087
15008473223
15608220631
17612846007
15198085475
15882210840
18349111064
18628350316
17308088599
15208326165
17380552635
18008010667
13540229011
17628293089
17318689925
13699495659
15902892205
15202866597
15208264280
18628303049
15082880228
13518112422
15208461683
18382224740
13678125173
18208156658
17883674158
13693435605
18683195657
15114089415
15828237605
18328303417
18728454543
15928176080
13688468723
18280087776
15982466396
15982469192
15208149184
18608367629
15114055571
13699431698
13880961516
15828089874
19940854730
13559942233
15108373191
15208439317
18502858595
18583388336
18683559208
17340107139
18382267229
18108188532
13438955508
13551366679
13308060840
18981780014
19960383212
13982091733
15108288878
13568998775
15281021117
18382420868
13540745848
18200196251
18911025315
15982391506
13882275272
18982056575
13980904601
18708162114
18200108021
18683371172
19980432993
13618005105
18108209130
18908099193
13880229819
13541210163
13691156362
18349309692
18227934302
18349259821
18582487468
13668236231
13518186051
18908089734
18161196983
18010574736
18380331210
15708133241
17788662561
13060029971
18111252580
17341331660
17382955373
17702851007
18048539569
15861583170
18381082272
18908172361
18280193719
17711327311
13880829053
18982251208
18583273069
18381080016
17780580638
13438382502
15228595671
15756278805
13980534213
18030554446
18180920778
18010589546
13568884513
13880103474
15900814271
13880682213
13398161135
15824342643
15828180339
15198197419
18581859576
13699406366
15802866131
17612800051
15882144210
18381569997
17340200667
18011311867
18284503123
18482173077
18349108053
15902835428
17760526065
18512848935
18602815253
18000546805
18349215453
15982880220
13688447501
19950212521
18990058663
18861466843
17311426511
13408516847
13550614422
15208377767
13808028135
18881823114
13548086263
18683568689
13980041217
13708222247
18908033357
13438889534
18180445665
13558607245
13541257221
18030717027
13678060713
13350892228
13608193671
15756352575
18008260080
13699604627
13541213432
15882089078
18328086567
13541092810
18613268520
18008069356
15208145947
17318986656
18980100273
15928757127
13890281875
15982398182
18282536200
15692151719
17381939663
13980762026
15882280524
18482230020
15184312813
17608225152
13880793168
15982890268
18180973035
15928986705
17311341434
18982183536
15528430268
17364777989
13982031724
13608046784
13541334721
19983140376
18683785839
15884560209
18611664054
18161273977
14780197887
15828321107
18682733349
13438890409
13550216840
15982834709
13688338965
13678015577
18808053115
13880234061
13880471222
15828626894
18010558787
18428316326
13601794517
18808054853
18109047955
17308033522
15108477398
13518198060
18190756287
18728418577
18180876162
13880771121
15077467737
13926416520
15198010336
19981289848
13708046669
15283972285
13454118248
13880752113
15982080353
15982319990
17828080704
13540392065
15928032182
18280429197
13076055168
18628904443
18161172979
18610091994
15008285526
15881135505
15528087889
13309031787
15108394005
18607605759
15828058622
13550345489
15002815689
13730603705
17608017273
13518125976
13545971693
19983201662
18200486267
18000509909
13668160654
18780186297
17311481619
18602821820
15583515151
17308032804
13668211845
15928562191
15802825727
13558731085
17744236977
18782287560
15700682897
17628289956
13117013966
13183817069
18328455977
17380591367
18081146156
18512840581
15982033596
18200526687
13679097343
18682855806
18080963001
15828632205
15882150586
13679645981
13221835202
15228803135
18581869870
18384296845
18328495651
18780044995
13699482275
18748516719
13438467500
17381580923
18608019250
18780271263
17711086168
18328477849
17318975321
13348811993
18508220097
18980037202
18683526991
17502835205
18328091458
18302835715
15008460588
13880441633
13980722945
13880188620
17364830337
15828291118
15928849858
18030806548
14780083171
18281507710
18108163023
18382233055
18302818831
18380270946
13708046926
15828106610
13658031595
18328555032
13518187627
15928176039
18880405965
17780687822
17381953957
15928980656
18217517623
17710198757
13350879114
15928947964
17358699818
13880283643
18228003045
13518166935
18884034928
18781759506
13550323330
15184481303
15884474759
18090075835
13818329655
18684007386
17345072501
18628243470
18000584565
18508202680
15390039728
18384224965
18702834197
18908039558
13548278936
17360172348
17361006922
18302887717
18328458261
18399438031
17606538295
15928162756
15802800588
13510102384
18086520333
15802724235
13627134092
15527917532
13429889778
15327329006
15926369775
15871479172
18217001218
18707150827
15827186160
15807128925
13986292523
18140555026
15071421906
18062774537
15527328200
15549471577
13667288517
18672764050
18207222265
18827003508
18707155795
18607104633
13971509637
13125167122
15927041869
13429888082
13871402411
18672300506
13871078689
13177418082
13871196248
13163328337
15527297260
18702724400
13627289124
18971574575
18607119063
13080682833
15926353100
17771777099
18062002386
17771868629
18627996787
18162632695
17671681878
18162706356
18502781698
13469978091
13971188582
15629053539
13659897226
13797543777
15002728400
15071168891
17612736813
15717135011
18808688896
13545116161
18086165391
17755592246
17786433545
15717105457
13657257971
18971505265
18827429875
15342736915
13617212349
15927278460
15927019345
13986267517
13545171417
17771473627
13100653422
13995565138
18872266696
18271937125
15807138706
18271898994
15072408255
18771103661
13886062123
13437164470
13647211332
15871400990
17607134308
15027343431
15827226061
13545348044
15802754626
15071329867
15118152456
13437271497
18627004520
18827097047
17771455519
13971118683
18696199650
18671130028
15527853790
17771490371
13207186360
15002729622
15629119646
13886059082
17612730985
13265959220
18674068728
17320508656
15927550005
13554045741
15071100654
13080640200
15172480008
15926271912
15827478474
15807100580
19907129369
13871029033
13545177224
17371280160
13554262785
15827333115
15225553592
15623426269
18694074138
13638676861
18827653739
13517282117
13437156015
13871587371
15871706258
15927607641
15527707719
13026332621
13429949509
18717172778
15871719454
15827386570
13164124993
13476088604
13545256123
15102722232
15102743511
15527406218
18696147387
13163303256
18272105124
18571612387
17320510663
15927283535
15926258737
18062086970
18607148629
18007158935
18971192713
15623471722
15072369319
15007138669
13871285867
15327376301
15072165227
13971029430
18672003730
13545005025
15927481531
18207109603
13387623323
13437112773
17771783323
18672999069
13554051977
13554021002
17671646174
13147198010
15994267916
18707101387
18064111782
18871154311
15272548204
13197457900
13597661052
18202730177
18571474625
18627077383
13419549632
18696490308
13971222046
15926258978
13971694972
13871410854
15377006772
13476085574
18062002385
13628606965
13797061321
18163532720
13367256510
15807140763
13197300705
13720133135
18202780740
15271232320
17771819857
15172687107
13469952621
18071053996
18140659629
18963945989
18871109626
18827066680
15927000708
18162617131
15027169227
13212738277
15926272536
18120399427
13986229811
18120233763
17671606412
13437123395
13588866814
13995527277
13972211866
15802769790
15102710251
15271818696
13638636947
15927245657
13147165675
13308657533
15871750757
15872413245
18625183938
13476158055
13986037360
13667151885
18571535854
15387090489
15171476092
13545640877
13720232521
13720104910
13659879915
15392825006
13720339760
13554135100
15927325792
18772397063
18627753046
13667287977
18507146560
18771075740
13554092273
18271926690
13407156794
15623086855
18702723395
15271876797
15827281553
15527196902
18771116613
17671738256
15727071258
15927152463
18674036135
15172340838
13016400011
18271432960
13720144040
15805600155
13419682569
18502769961
15071141115
18671452912
18674235510
13147118391
17612747412
18971370040
13545900569
15527640901
18301170974
13265385921
13419589765
13507161948
18672779662
13871595448
18571680801
15072400804
13307109557
15926463131
18062427130
15072919927
18607171782
18986183382
18571759419
18140509700
17771893344
13100636438
13720238106
15700821910
13476090784
13163247327
18627916508
15927505754
13607166059
13971059052
13627294049
13114357252
13469998308
15871245329
18627154662
18827449141
15872379548
18702710824
13871432552
13260537573
18735396008
13554542070
15827464744
18672994738
13007138527
18908629679
15807131370
13667232182
13667190826
18672983723
18271900291
15007183751
17671695663
15827264240
15623632431
15871825267
13114383533
13986197253
15927587273
18108658980
18872266860
13986007234
15927632647
13667213093
15907120984
18827435606
13387564715
16602778907
15871779408
18171296781
18507122852
13971584626
18672918668
15107268553
13027113254
13260582695
13297067194
13667129661
18502713538
15572109331
18672576956
15071485866
15968731273
17762597921
15202749409
15527160633
15342294771
15994214092
13886113204
13147174780
13871329802
18627713736
15827185000
13317166830
17720201743
13476073322
13437194699
13035126653
13554663902
13476124753
15527323732
15337242373
18707133557
13437189139
13343400494
13164102141
18202796016
18871163197
18971527556
15527462504
15572022265
15071102322
18162546292
18718172857
13469999635
17688891575
13294111380
13277281000
18571639895
15527732134
13071169120
18571856250
15827309097
15072342633
15071039503
18627196976
15802777818
13986077993
15871716768
13995642845
13657217407
13886065923
15927329094
17671782240
15889696954
13720275335
17720598976
15337251059
18827073707
18872201609
17612733095
18727600400
18186607760
15971417055
18008641270
15827577504
13477595000
13657233930
13027197557
13163363001
18696150332
15927246063
15902795841
18516135231
18827391701
18771981449
18986288146
15802747896
17786458980
18671330007
13774030222
13986213290
15727049905
18571680198
18627010360
15871739112
18627919868
15807264410
18627069036
15972207583
15107104058
13377861179
15827242892
13636667092
15071294303
15994256780
15172860707
13995614037
18571485658
13260660782
18086032988
13971002643
18207199240
15172599429
18602757795
13871195248
17354343930
15618049395
15327252352
15927568630
15927352275
15807141287
13277938767
18668282695
18827065021
17607198985
13163249311
15377033326
15927169166
18627962263
18627197972
18571644884
18162703982
18672149236
15623065561
17754444849
18627887826
13720215021
13871517319
13100629035
15871683258
18627943916
13995541509
18971272456
13720102514
13736221114
15527904131
17607197553
18617017202
15871792219
18071096317
15972944611
18871887181
13641977360
15018863992
18271420790
15827462950
18062681518
18575670858
15387178880
15972163016
18271876952
15072361915
13018013938
17764068262
13129987360
18627942867
15172377148
15717178000
13554693301
13207100121
18771726914
15007108336
13972967196
17771440221
18571521100
15927131419
15971414082
15337188384
18163325447
13164642550
15907108825
13482189080
15927379964
15972026070
18717802925
18571458393
13871319652
13437205795
13554427441
13476115715
15337215095
15927667579
15902763576
13437255546
13133330610
18627779711
16602712220
18807161600
13971180756
13597895231
13419699793
13212736109
15972157579
18627766684
15327122512
15002757880
15827088290
18502740488
17607175473
18771962741
13027133425
13545294710
18827442403
18271419790
15926226727
15572510383
17764019859
18672877288
13995541131
18163529395
15971504136
13554540700
15629059362
13971636617
15972968125
18107146249
18507132085
13387599832
18871073030
13687141416
13487075722
18672925161
13297073511
13995607670
18502719097
15527240705
18627931006
17786131250
15623100315
13971415447
18602737338
13237220682
13971541757
18702727060
15002722155
13545195021
13720214490
15071286631
17786026897
13871374651
15172406697
13429831235
15271949650
18627930570
13545358099
13986093351
18607125523
18971634449
15802759029
17720559519
13163330255
15927157080
18186472477
15172498324
13554671520
18086666635
18666829895
15871788134
15527691149
15827589109
13476107520
13100641953
15629061426
18671162672
18871475001
15071317385
16602702087
18971122248
15871422506
18827079734
15527463130
18071717771
15629179921
13308626430
13461200279
15871795132
13006392803
18771097987
13407142245
13986086172
15527443903
15827659330
15123076818
15998959256
15923560198
17323814260
13193296717
18580538171
17623059191
17320422242
18581380089
18181342818
15310508019
18883399171
15086927458
18223241263
15723316785
13627690266
13527361973
18883889278
18426421983
15730341664
13637737891
18716673166
18523337221
13657638001
15310352352
17623395321
18623588910
15111831237
18723279913
18996531997
17338349045
15808028963
15310995141
15025675817
18875039129
15111987147
18290434077
18723306244
18581290766
15826059479
13708300348
17602380017
13678469426
15823067062
15808035882
17782144907
15882507940
18523030945
13285005568
17623535177
15102395572
13983109379
18323857670
18511521325
18600606407
18623317337
15123471290
18290495519
18716677015
13677688912
18983721533
15178806446
17602397090
17382318009
18160120101
18223225992
13110218036
13983075148
17623595936
18996240817
15025509610
18581230773
18983245659
18810288960
17749961073
17723942902
15123313518
17623103355
18281806380
13883225882
18680838267
15723083685
17783852792
17783264792
18502358533
15310960238
15223326842
15683121083
15922707521
17384003222
13330316462
13628459689
18623114559
15823191341
13340229069
18623649898
13452065842
13635472195
15215111627
15823355686
18302365645
13419318117
18680756952
13627698756
13547231041
17783691263
13452591817
18580670689
15111855410
15922990543
18681769880
18223584499
13452901849
18602331826
18203045803
18580126278
18875036973
18875120564
18223578682
18623223702
15025695479
18225088636
18680856024
17754929262
17688155145
13678463825
18515211344
15730132192
18623311829
18523043116
18725629447
13934644143
17603419978
18581211629
18581129373
18523333217
18723270502
17783008675
18315116941
18883233221
15025457030
17388219290
18581499925
13022398945
18323088626
13032352153
13609430220
13638383106
13220388309
13883456258
13452939809
18323730615
15922903499
15998999914
13635425056
13220395625
18581010535
18883656996
15023672327
13983999091
18723426661
13883392304
15002381110
13108922252
18580074485
18375753681
15213304100
13635425001
13436189017
15803075571
13883415553
15523803216
17782116987
18002340289
15922862324
18502326675
15086758327
18602390132
15023489359
15696532178
13594353269
15826160276
13617624117
17830203035
13608370888
17782166032
15923157884
13618298415
15696669993
18883688695
15696248386
18523859235
18223496642
15178798944
15696115630
15057553709
13883077617
18580860173
13350311627
16602306066
18883891953
15922526619
15123276392
18523458648
13635424885
15213086640
15523399615
13036300514
18523060812
15736014022
13320734090
17623816896
15802310699
13752933930
13399890844
18523907151
13983946383
18284636556
19923676604
15730025514
13167817367
13618384785
13527423868
18323081989
18983707807
15923216355
13691660291
17623031326
18725746104
15023096027
18983530398
18502364675
17353105749
18725782755
16602328557
15223338861
13368062736
18523182447
13028318868
15123029338
13967646202
18523531521
15023160059
13983139159
18523115544
18983772887
18883288659
18983123070
15826016542
18523358335
15123328385
13399836525
13657605647
15215080375
15223355535
15167735392
17623062211
13350374968
17764883817
17365293471
15123003933
13012346376
13098799882
17378382438
15215011209
18908389374
13628397961
13883590422
15086980761
15922940929
13399862124
13658314631
13594012923
18716461913
18725858553
19923132727
15223319861
13243515069
18680908909
17723569621
18580141204
17382316030
17353105885
18223975711
17382216264
17782039831
18723180739
18723338618
18523828766
13883341820
18784209360
13983122040
18375755021
15086838543
17782076633
17347771209
18223410558
15123251427
15223746126
18580682369
18696632223
18580551928
15823080892
18523556277
17764898949
17726634320
18580596697
18716406604
13508052656
13983756546
17384082792
17830193005
13883994302
17723162603
18716261581
13368292903
15320388982
13022371176
18323117886
13036326547
13140219238
17388298008
18983653837
18083016636
18886200754
18502366350
15922882281
18725626423
13110231980
15870595595
18184718090
15803636901
13320224869
15025767934
17600008768
15723042153
18523984629
13500391950
18716283070
18423157008
18623357463
17783350828
15823827003
17782018577
13228627131
15823839681
17764883993
18725681413
18518088711
18716267320
18617043198
18623304779
18223332226
15922848832
18580019747
15123130602
15826062375
15696183306
18783351223
13110108500
18080828367
15223028062
15902346730
18580723515
18223212701
18875067871
15923352106
17783174661
18223211161
13752911801
18423401188
18580035331
13038371317
13896181066
15102333477
18323541252
13883262614
17623466927
13883354995
17772457052
13087873766
15102353775
15025128902
15723364051
13883794282
13696453457
18375945970
15901527123
18223309942
13627609662
13618238136
17783197366
15723301656
18223353547
18184707551
18996272550
13617633660
13500397123
15123135898
13608341803
18867964840
18580888147
18723097046
18883002030
13594801181
15823985232
17784302748
15213277117
18385311135
18223461282
15334542159
18723437550
13883008337
17781788767
18523923297
13140216214
15023246564
18523371147
17623585297
13883904868
18523172716
18680783318
17338607857
18580582196
17623372616
17623366268
17723034566
18502317963
13648369128
13594309632
18223439413
18883322751
15223727225
13167964969
17783388603
15736616035
18983314545
15922660312
15736262132
13635449476
18323189603
15723003006
13108989537
15823212130
18223291120
18183062998
18610777744
17723196141
13271833094
13637759553
16602333801
13983765687
13527463203
18523948865
15923000121
13368254556
18580430453
13509404106
13996371344
18723487520
13594697237
15123233193
18523499992
15213219067
15178726573
18580943769
13883971404
15922883432
15823295860
17384753338
15320230092
13272605014
13996288670
13635425003
13036381016
15328970448
15023680359
18223011115
18723228101
18580152677
15023773611
18375795415
18725677047
17708337364
13319494993
18223053364
15178700858
15730242821
17726683745
17784779886
15023194507
13628463102
13658250299
15086636226
15723015384
18680803133
13668064874
15823041226
18166482320
17612318628
17754999543
18623532729
16602339313
17726698328
13637891865
13389608607
15215021451
15608321110
13608398826
13637804183
13272775544
18875276993
17320426814
17783635023
15683696527
18983842622
13883028151
18225042151
15123014691
13101236162
18723262728
18375889807
18523858235
13883177902
13520057632
18623145110
18523861737
15123058936
13983020119
18725801532
15736167117
13658382458
17623797892
13452601385
13452111681
17783691845
18623239500
17782012972
17353520067
15178757239
13594135931
18502391669
18502330428
15703070709
13635413171
18184775596
15683072097
18673333236
18378188381
17623515582
15111821515
13983110847
15215011110
18423263823
13677688259
18723439095
15922998670
18725764340
18581347601
17623215996
13452852303
15730439005
15223413045
17601221564
15922929525
18851597070
18623519229
15922886267
18306006898
15823813854
17782274121
13640514565
13618286772
15683038332
17723081729
13512368356
13220329960
18623153330
18671572274
15023074397
18202335792
15928272828
17830192227
13629798864
15213040155
15213134041
17623258192
18580602060
13472580613
13882667093
13101313011
13983285807
13618245934
15023242103
17602318829
18983078491
15923913547
13883686856
15736139953
13752812808
15723181412
18983091522
13696472346
15208370783
15683908388
15123063630
15723379157
18682321917
18223103307
18725622221
13098665667
13640513383
13540826449
18102524396
15889653719
13883820287
18290572440
18523315930
17782336721
15023240615
15310828936
13350328991
15923056007
13330308082
13594146808
13983937551
17353230067
17782206668
17782295870
18523050779
13777040185
13983736609
13641066552
13452321985
13272893533
13667618454
13564874197
15123919712
15823227693
15586670505
18423555425
18723357334
13206034211
13996067547
17784230607
15736012482
15683063750
15025376980
13637846399
15923381573
13637749852
15730056655
13308327968
15023377232
18623102114
15213722926
15723052561
18623378917
17318290417
18223366471
17338316775
17783684010
13206019125
15723298788
15683772402
18423448884
18680880616
18581010585
15736167514
15523268989
15119928114
18725822605
18723133337
15683626787
13648422582
18220901807
17691235172
13909288266
13720455699
15102990353
18092416713
13289651888
18681878736
18629398797
15877485627
15291842571
18220317905
18629358040
15071319732
15686068023
18292088221
15091058505
13488111586
13227011775
18700408618
18292785515
18710420045
17749017117
13772071711
13279253081
15829222484
18710480612
17691159868
15191889355
15229227222
15389265365
15029267177
17365630509
18682905793
18202930122
14792032546
18691958215
15902915969
15691973558
15692127120
13991356866
18220865196
17319933486
19991802633
18991190205
15829583704
15529505880
15009265883
13810925149
18392996358
18629030191
15829553480
15609237376
15891676069
18700180476
18192190019
18682963040
15829712574
18809209016
18049229164
13310940991
13002989856
15529318691
17795927078
15389210088
15691425668
13227029325
13022856781
15002981633
18629260863
18291977143
18710433324
18066632369
13088981613
17719573163
18502912277
18220538316
18998366568
18992832826
13022802723
18592073669
15829071015
15029055469
18189266116
15202910203
18891448701
18189125176
17782502969
14792222210
15829003690
15091535937
18710732391
15802948080
13359200151
14791916640
18049527395
15029285038
15249068259
18792525699
15719182691
19991931531
18709203873
18392446044
18602948885
18966802851
18992872925
15353243332
15909204122
18292091197
15091599958
13319218249
18729534959
18829258807
18009227772
18092310336
13259091336
15129029050
18361755869
18629558224
15029751865
18509241321
13659232888
18283131994
18710518099
13402975174
18616660265
18792870709
15991383306
15591855877
18202971708
18291867029
18592027664
17766668802
18292453546
15319730336
18710560825
13022813839
18191459569
18891945093
13474000046
18792651967
18791352658
15002900051
15309266757
18292491662
15094008433
18740655703
18717339535
17319988925
17782504901
15229007792
18710822902
17795759193
18392561601
15802922059
18091297744
18291893608
15091898938
18991106227
15857157104
15594167788
18729904737
15249275167
18629372524
15529030672
18966759592
18706743632
18002139620
17629034564
15291811037
13679170835
17782659113
15114813323
13857671637
15091891000
18966719306
18502917959
18602975404
15691756187
15291988864
13186066852
18209263789
18992567165
15850088332
18729339957
15929892204
13991544197
13759971987
18229046940
13552225525
17791954570
18092046050
18691810071
17791400206
15929313305
18149468171
13659207880
13519196650
13201631711
15249291287
18209238084
18706226210
15202482215
13992188374
13227798508
15991454502
15129087573
18192483815
13909208825
13401193966
17391682269
13152183726
19802922805
15991893612
17691060482
17392052743
18392958561
18829782166
15398069872
18821789737
17782851519
15619367399
13474033669
18229024790
13991286775
17792855459
18392863026
18629036176
18192959554
18149014849
15191475810
15398036303
13659193733
18717293988
15829737961
15829756012
18700481387
13649293954
17791215118
13572461628
13309270869
17791824663
13772019990
18691837579
18966759585
18392157612
18392071239
18629350557
18092421905
15877443602
13201422207
13572575306
15693452454
15891742976
18069737588
15529080053
15202423262
18292885620
18729860383
17792710683
15929913567
15009209213
15029091009
15319858595
13389252796
18792602919
13201658832
18629369303
17343983351
15529202785
15000616583
18161896606
17764761023
18092410409
18166668740
13227780089
18092963908
15389295830
15002983983
15771779391
18066862014
13659116553
15596869380
15399036202
18700444352
18240899694
18189263110
18291999849
13399180244
18146870218
18092067799
18811400179
15686287273
18091285302
18189230450
13772132931
15829218301
15129093151
18609288806
18392618461
15114841217
18629662627
18629088597
18209281522
18507213662
18691833211
18710353264
18706777929
13152456608
13149243355
13991240431
18192335658
18591920227
15319739911
13484544464
18329967855
18089261093
13087568371
13289216849
13772442227
13619208759
15529563625
17392260029
18629601180
19909251353
15332427880
18291959599
18092975351
18840295950
15891303908
15934896792
17782657635
18591996306
13279341768
15667014303
15191913519
15249000782
17392452491
13609200167
18092509249
18192476772
15877655611
13209145217
15891001248
17792216645
15009189178
15929989980
15109227261
18991222622
18629461501
18629561027
13299115075
13718573521
18691561523
18700417320
18628460469
18810079127
13892826952
13772118970
18161806368
18991998989
18700865432
15929899782
18392608291
15102952335
15829972348
18392541336
18700484899
18192571560
18209202394
17792658868
13227802531
18192740156
17795756697
18682979678
13649294440
13309277509
17386995325
13227871956
18392143091
13474119567
15609200191
13186189101
13028516533
15291995387
15929777018
18092905538
15398048150
18792486826
18049257782
17792853278
13629206969
18906702355
15102906733
17792053859
15129397187
15619358090
13679268359
17625621203
13186008224
15029914080
18700181952
17782538171
18066732335
13519172509
15102996929
18165393936
18092136151
17792673375
18191337633
15929091961
15229054990
13109566089
15991717513
17792468493
18092865239
18503934225
15002991608
15667102815
13572505900
13002992220
13630284200
15191868310
13679216001
15339120619
18602990041
15591836889
18702904489
18292673618
15091155586
17791249051
13259407079
18792689896
17791608768
15399091730
19991933660
18609283430
13228041092
17691243944
15877331221
18829229367
15802999628
18229000768
17691177019
15529506598
13709283530
13891894158
17792922627
15332454326
13201693380
15891499025
15339219580
13474455514
18292855504
18629023568
18629298430
18700483052
17749030365
17782872251
15529006803
18309296098
13689208609
13324574100
17791217170
18302948862
17789128574
18629069117
15991650900
15339145921
18309228132
17868882289
13991256774
18182533268
18706735886
15619011158
18092686030
18092218337
18710933619
18629311509
13379000683
13572040248
18681828993
18192851511
13488182354
13109592829
15664679720
17792658808
13289276588
13572141732
15202409572
18991391916
17829483238
13201511366
15295171925
13669272215
17316633778
15229071236
15349253375
15353746761
18700452945
18700181990
13279390216
15249235912
13087599357
15877397001
13379076383
15706016680
18502950431
13772106706
18592056935
15091528983
18066660860
13359121706
18133967396
18064364720
18149303144
13309181101
18592097209
18700484810
13679227777
15229045381
18629516418
18629017119
15929201979
15619373261
18629423453
13629240877
17691143812
13659299197
15249264917
13299042231
15009250710
18182607660
18192050501
18629361698
13991987913
13239100345
15339272271
18629086857
13335352205
13720677168
13992843600
13468926860
13359297618
13193393523
17629241653
17612970292
13087551322
18682926906
18220839426
15091540241
15909277251
18591986861
18291870071
17092968324
13720495567
17791681266
18089276693
13259332233
13022882627
13679260214
13609113404
13991939368
15829231401
13259891372
15129390542
18706850313
18706731577
13259999765
15029292377
15029902535
15771744230
15591877592
17691234655
13759997346
17809221663
18729329329
15991718130
15771921923
15102931492
18161878101
15191456822
15191415843
18192839756
18729989830
15339062933
15349288139
15667110990
13319272309
15294069764
15389446575
18292919270
13760456521
13119151516
15191844960
17792611767
13032914540
13474478263
15339256311
18729989776
13891847301
15309213214
18392423301
15209290194
18182691187
15389032262
15091185671
18691831737
13991862839
