20439065
20490084
20439619
20394500
20438872
20394487
20439319
20489718
20440560
20440254
20440240
20395237
20395294
20434143
20434139
20434093
20394691
20438273
20394386
20439728
20439687
20437997
20440753
20438304
20488415
20438932
20437877
20430609
20430272
20438506
20395002
20489609
20436554
20440117
20394036
20434082
20440689
20394173
20440526
20489811
20430216
20438886
20439262
20438603
2093483989
20438054
20440329
20395511
20488824
20434336
20434020
20489251
20489138
20438405
20438319
20440074
20488576
20438069
20395644
20430501
20430502
20440751
20490108
20434785
20395489
20434883
20433861
20429614
20437423
20440867
20394810
20394636
20429958
20429840
20440146
20430562
20429936
20395285
20395267
20394795
20430550
20434887
20439686
20434542
20395335
20439901
20437211
20395133
20490048
20395301
20489427
20439978
2092882946
20489929
20394981
20433927
20394295
20437382
20438395
20394207
20440922
20438802
20394697
20430356
20439979
20433899
20488410
20437195
20440088
20395613
20439224
20438780
20394567
20488412
20438576
20394501
20394195
20489044
20394473
95547910
20395288
20440082
20394875
20434394
20429690
20430384
20438500
20438243
20438117
20490045
59276618
20394771
20489150
20434131
20394633
20490138
20489954
20489202
20434756
20440600
20395081
20394748
20430317
20434049
20437858
20434729
20394227
2093826056
20395697
20439506
20439506
20489380
20438930
20489440
20489111
20439564
20438778
20489568
20434105
20488822
20438015
20489330
20441177
20429639
20439133
20433892
20395037
20439280
20440595
20439755
20395015
20429908
20439073
20394680
20429636
20434037
20438285
20440858
20394014
20434198
20439314
20489496
20394158
20439917
20489190
20438798
20394699
20394834
20439705
2092865491
20438433
20394872
20437610
20394161
20438800
20439512
20440705
20395625
20395356
20430073
20437510
2093874524
20488916
20489924
20394813
20437621
20395106
20489518
20438448
20489719
20438172
20394469
20394323
20489406
20488714
20434595
20440499
20434029
20429676
20429668
20489027
20433956
20434891
20490018
20433952
20394021
20439140
20437530
2106654752
20438336
20395531
20394008
20489187
20395240
20394034
20394783
20489727
20394132
20439518
20437901
20440527
20488401
20437197
20438573
20394256
20434592
20437605
20437932
20429951
20489621
20489562
20439756
20395364
20439618
20434776
20429739
20439474
20437898
20394558
20394464
20394626
20488764
20490039
20488620
20429740
20393982
20433905
125270574
20437864
20395332
20490130
20439667
20438955
20395361
20429755
20438537
20489059
20394718
20437282
20395247
20430208
20439126
20394569
20488780
2134410726
20394392
20395182
20437843
20394467
20489100
20440118
20395258
20440097
20437571
2095084269
20439042
20394901
20436403
20394623
20439054
54667505
20437404
20439090
20395026
20489095
20395296
20394696
20489742
20440913
20489005
20430597
20439550
20394532
20439130
20489998
20394415
20436616
20430233
20489314
20437893
111919934
20489455
20437807
20429566
20429966
20439231
20394713
20437899
20395517
20395394
20489263
20430387
20394399
20394073
20440875
20440323
20439103
20440193
20489214
20489156
20489914
20395196
20489796
20434484
20429813
20434040
20440005
20434716
